% # columns="iteration, evaluation, sigma, axis ratio, bestever, best, median, worst objective function value, further objective values of best", seed=719647, Wed Dec  9 23:34:50 2020, <python>{}</python>
1 9 0.4903744041153797 1.0000416675347343 999 9.9900000000000000e+02 999 999   
1 28 0.5645097652691289 1.0000416675347343 255 2.5500000000000000e+02 999 999   
2 46 0.7342938669943281 1.3724145865034192 105 1.0500000000000000e+02 327 999   
3 64 0.9609856525234526 1.7781828472041106 105 1.0800000000000000e+02 272 999   
4 82 1.1045511828678993 1.6238941095606907 91 9.1000000000000000e+01 132 207   
5 100 1.4790597666963168 1.8516075108207857 91 1.0200000000000000e+02 166 999   
6 118 1.4571326567165654 2.1370177069410814 81 8.1000000000000000e+01 106 277   
7 136 1.3939396715707295 2.276814879575866 81 8.4000000000000000e+01 108 177   
8 154 1.2792655098981458 2.3962841594098787 81 9.8000000000000000e+01 109 239   
9 172 1.2597915488617137 2.417968368436126 81 9.5000000000000000e+01 103 253   
10 190 1.1748666559309735 2.72058053566899 81 8.3000000000000000e+01 103 147   
11 208 1.0605824700506825 2.719098527138636 81 8.8000000000000000e+01 106 196   
12 226 1.0673575459662494 2.9404666697633743 77 7.7000000000000000e+01 103 109   
13 244 1.1075536397667511 3.454646711578622 77 9.7000000000000000e+01 107 154   
14 262 1.0024668294513 3.6134639666327755 77 8.0000000000000000e+01 103 181   
15 280 0.8809394384359447 3.9413688606892787 77 8.0000000000000000e+01 104 193   
16 298 0.738156498301596 4.6255447264195855 77 8.4000000000000000e+01 103 117   
17 316 0.8989486643980277 4.663138143055905 77 9.9000000000000000e+01 103 142   
18 334 1.022966050348232 5.152603091354431 77 9.8000000000000000e+01 102 136   
19 352 1.3725589573900838 5.661407335111204 77 7.8000000000000000e+01 100 110   
20 370 1.3967177422215058 6.191179639504244 77 9.8000000000000000e+01 101 117   
21 388 1.4123938779660898 6.394190230171751 77 8.2000000000000000e+01 99 132   
22 406 1.4211398906107415 7.247444492698707 77 9.8000000000000000e+01 101 140   
23 424 1.4484619216288257 7.92454219279028 77 9.7000000000000000e+01 100 111   
24 442 1.2339079871974623 7.158427762881559 77 9.6000000000000000e+01 100 126   
25 460 1.3480799685482112 6.237155128770128 77 9.5000000000000000e+01 98 103   
26 478 1.4781208837670101 6.0361425467627585 77 9.6000000000000000e+01 99 159   
27 496 1.4251674082287473 5.911253709101269 77 9.7000000000000000e+01 99 175   
28 514 1.4292479824832205 5.553160385798606 77 9.7000000000000000e+01 99 102   
29 532 1.340404547880508 5.410966745068162 77 9.7000000000000000e+01 98 101   
30 550 1.3909997241424252 5.92837230983315 77 9.6000000000000000e+01 99 171   
31 568 1.331250792583634 5.819110966948448 77 9.6000000000000000e+01 98 164   
32 586 1.2681058632504785 6.862029154994381 77 9.6000000000000000e+01 98 166   
33 604 1.2492226063342684 7.367296415564085 77 9.6000000000000000e+01 99 102   
34 622 1.361371146953913 7.967430944674751 77 9.7000000000000000e+01 99 102   
35 640 1.4174675138864283 8.268695718179792 77 9.6000000000000000e+01 99 165   
36 658 1.3326403687289314 7.898872034573818 77 9.5000000000000000e+01 98 102   
37 676 1.2659341954215981 8.22124212609922 77 9.6000000000000000e+01 99 102   
38 694 1.1709553153736645 9.007476244959884 77 9.5000000000000000e+01 99 101   
39 712 1.196543885916716 8.975689878494693 77 9.6000000000000000e+01 98 102   
40 730 1.4742160749630746 8.940376850384009 77 9.5000000000000000e+01 98 102   
41 748 1.4354766081509764 8.24917834187137 77 9.5000000000000000e+01 98 101   
42 766 1.2998482455924663 8.31215221310827 77 9.6000000000000000e+01 100 102   
43 784 1.1209132971044393 8.478920486199106 77 9.7000000000000000e+01 101 102   
44 802 1.1222971474780523 9.83684969455215 77 9.6000000000000000e+01 99 102   
45 820 1.2030828311705737 10.251024941404902 77 9.6000000000000000e+01 99 102   
46 838 1.2242422582133705 10.267247167990002 77 9.7000000000000000e+01 99 102   
47 856 1.1064399545566965 9.327496297676955 77 9.5000000000000000e+01 98 102   
48 874 1.236018979149442 9.187703230353502 77 9.6000000000000000e+01 98 102   
49 892 1.299800022796401 8.638635605686162 77 9.6000000000000000e+01 99 102   
50 910 1.3939161600224332 9.758882759420132 77 9.7000000000000000e+01 99 102   
51 928 1.5405369981415697 11.322006446897285 77 9.7000000000000000e+01 99 103   
52 946 1.3176716032714442 11.550299843019692 77 9.6000000000000000e+01 98 102   
53 964 1.3545368122278776 13.72895817886151 77 9.6000000000000000e+01 99 101   
54 982 1.3321491136821857 13.117506040309506 77 9.6000000000000000e+01 98 102   
55 1000 1.3581089372137816 14.33389666308568 77 9.5000000000000000e+01 98 102   
56 1018 1.4561945215222731 13.825622557075441 77 9.6000000000000000e+01 98 102   
57 1036 1.5703386877273087 12.689232628228636 77 9.6000000000000000e+01 99 102   
58 1054 1.5598627437426238 13.377578841120057 77 9.6000000000000000e+01 99 102   
59 1072 1.6089781004731325 13.696344600544952 77 9.5000000000000000e+01 100 102   
60 1090 1.7284276184552103 15.340705932766214 77 9.6000000000000000e+01 98 100   
61 1108 1.7697044804985105 15.818505284630719 77 9.6000000000000000e+01 99 102   
62 1126 1.4395918219265036 16.67292104114112 77 9.6000000000000000e+01 99 102   
63 1144 1.4339199393251056 15.87426495762998 77 9.6000000000000000e+01 99 102   
64 1162 1.3368161242146503 15.88616050669013 77 9.6000000000000000e+01 99 102   
65 1180 1.4012431951376974 15.767864984814528 77 9.5000000000000000e+01 98 102   
66 1198 1.526452398743676 15.27149781384585 77 9.6000000000000000e+01 99 101   
67 1216 1.2479747360570688 17.217674885039607 77 9.6000000000000000e+01 98 102   
68 1234 1.2258313727934813 18.900152165120996 77 9.6000000000000000e+01 98 102   
69 1252 1.025872569145416 20.000741270309423 77 9.6000000000000000e+01 99 102   
70 1270 0.9806709847068161 21.85938568152464 77 9.6000000000000000e+01 99 101   
71 1288 0.9589126083802628 22.853331123053035 77 9.6000000000000000e+01 99 101   
72 1306 0.9421390637969362 22.315992937446136 77 9.6000000000000000e+01 99 101   
73 1324 0.9826960730135453 23.10489183616487 77 9.5000000000000000e+01 98 101   
74 1342 1.033190933537713 22.34234105144286 77 9.5000000000000000e+01 99 102   
75 1360 1.1237859776736199 22.312005596647133 77 9.6000000000000000e+01 99 102   
76 1378 1.509875036818606 22.022549700315228 77 9.5000000000000000e+01 99 102   
77 1396 1.8829367887346369 26.592700730779555 77 9.6000000000000000e+01 98 101   
78 1414 1.64278367367289 29.290223523375214 77 9.7000000000000000e+01 100 102   
79 1432 1.5114547602216652 31.552133557338916 77 9.6000000000000000e+01 99 102   
80 1450 1.736679362982894 35.15800551138302 77 9.7000000000000000e+01 99 102   
81 1468 1.629873557321106 36.44346113368351 77 9.5000000000000000e+01 98 101   
82 1486 1.5770495508517703 35.03641874753062 77 9.6000000000000000e+01 99 103   
83 1504 1.3170137866774132 38.56111510518135 77 9.6000000000000000e+01 98 102   
84 1522 1.2027255965776134 39.71545609021642 77 9.5000000000000000e+01 97 99   
85 1540 1.238823516842988 41.99070841410606 77 9.5000000000000000e+01 99 101   
86 1558 1.1963021938431815 40.322462318834575 77 9.5000000000000000e+01 99 102   
87 1576 1.1605889015851523 43.76777760968753 77 9.6000000000000000e+01 99 101   
88 1594 1.1669824041561871 47.50088839355549 77 9.7000000000000000e+01 98 102   
89 1612 1.1565383599008863 42.41960079792004 77 9.6000000000000000e+01 99 103   
90 1630 1.0211169927717578 38.967686548061934 77 9.5000000000000000e+01 99 102   
91 1648 1.0785748693530317 37.97835662244946 77 9.6000000000000000e+01 98 103   
92 1666 1.0193773944799354 34.96839407743565 77 9.6000000000000000e+01 99 102   
93 1684 1.0630590390044485 33.87013048063071 77 9.6000000000000000e+01 99 102   
94 1702 1.0082779632225634 34.421706128878014 77 9.6000000000000000e+01 99 103   
95 1720 0.9067328424218347 34.86647151030719 77 9.7000000000000000e+01 99 165   
96 1738 0.8338769705138366 34.363760828706035 77 9.7000000000000000e+01 99 102   
97 1756 1.0694466395434299 33.94426466080164 77 9.6000000000000000e+01 99 102   
98 1774 1.2905162212787882 39.17503184860405 77 9.7000000000000000e+01 100 103   
99 1792 1.4310767125488728 40.223550416047274 77 9.7000000000000000e+01 98 101   
100 1810 1.6703929922053504 46.237564347181106 77 9.6000000000000000e+01 99 102   
101 1828 1.865232626342573 51.09414160284944 77 9.6000000000000000e+01 99 103   
102 1846 1.5991721760460704 45.432413818265914 77 9.6000000000000000e+01 99 102   
103 1864 1.5602989774116829 48.87900285177457 77 9.6000000000000000e+01 100 102   
104 1882 1.4731104874439511 48.785121165123144 77 9.6000000000000000e+01 99 101   
105 1900 1.468348197406973 47.75537836560028 77 9.6000000000000000e+01 98 100   
106 1918 1.286302314936613 48.98338022901764 77 9.6000000000000000e+01 99 101   
107 1936 1.216060814219099 48.093700477328184 77 9.6000000000000000e+01 98 99   
108 1954 1.111329211287805 47.60409252447571 77 9.6000000000000000e+01 99 102   
109 1972 0.9346013112487799 47.80483621150749 77 9.6000000000000000e+01 98 101   
110 1990 0.9555086016036691 47.86450278675662 77 9.6000000000000000e+01 99 102   
111 2008 0.8958739892138933 47.62369602310193 77 9.6000000000000000e+01 99 101   
112 2026 0.8964040736441595 48.91786394303478 77 9.6000000000000000e+01 99 102   
113 2044 0.9274487174741863 45.9397936418263 77 9.7000000000000000e+01 99 102   
114 2062 0.959861339921373 44.898655641660596 77 9.6000000000000000e+01 98 101   
115 2080 1.006945200665308 44.20168714372555 77 9.6000000000000000e+01 99 102   
116 2098 0.941504027123534 45.55930308452536 77 9.6000000000000000e+01 99 102   
117 2116 0.8609210685019859 48.632009367124645 77 9.6000000000000000e+01 98 102   
118 2134 0.8659156861448809 50.459684161318776 77 9.6000000000000000e+01 99 101   
119 2152 0.9988044236234496 57.887481414215884 77 9.6000000000000000e+01 100 103   
120 2170 0.9746472019006578 52.15977092760079 77 9.7000000000000000e+01 99 102   
121 2188 1.105565215305052 53.81767769754731 77 9.6000000000000000e+01 98 101   
122 2206 1.0095778779757592 53.922916704247385 77 9.7000000000000000e+01 99 103   
123 2224 1.1429892643103716 52.52904706192602 77 9.6000000000000000e+01 99 102   
124 2242 1.3641420699681217 49.22244252390058 77 9.6000000000000000e+01 97 103   
125 2260 1.2168154572118242 45.63210720891559 77 9.6000000000000000e+01 100 102   
126 2278 1.222525631413685 46.58125899610198 77 9.6000000000000000e+01 97 101   
127 2296 1.082408346825655 51.47074013135381 77 9.6000000000000000e+01 99 102   
128 2314 1.0385716226473407 60.896730822613286 77 9.6000000000000000e+01 98 102   
129 2332 1.006998399014633 58.79831270276653 77 9.6000000000000000e+01 98 102   
130 2350 1.0850144866667424 61.065541514889944 77 9.6000000000000000e+01 99 102   
131 2368 1.0453205310255822 64.17756679646686 77 9.6000000000000000e+01 99 102   
132 2386 1.072694671455768 68.91759962466223 77 9.6000000000000000e+01 99 101   
133 2404 0.948660939480275 81.45322609459541 77 9.6000000000000000e+01 98 101   
134 2422 0.9288890549688917 88.55739265147349 77 9.6000000000000000e+01 99 102   
135 2440 0.9380677584434254 100.39851490143452 77 9.6000000000000000e+01 100 102   
136 2458 0.9017124278401427 94.95644899857326 77 9.6000000000000000e+01 99 101   
137 2476 0.823802289619465 90.35544184826239 77 9.6000000000000000e+01 100 102   
138 2494 0.9630419861450841 95.52523062376072 77 9.5000000000000000e+01 98 102   
139 2512 0.9383326860586829 95.09087463951955 77 9.7000000000000000e+01 99 102   
140 2530 0.8738417168724331 87.86161341465107 77 9.6000000000000000e+01 99 101   
141 2548 0.8548145702351319 99.95737048233099 77 9.6000000000000000e+01 98 102   
142 2566 0.8111594920378986 90.956638175588 77 9.6000000000000000e+01 99 102   
143 2584 0.7403182390914604 94.49839257254582 77 9.5000000000000000e+01 99 102   
144 2602 0.7077365683654412 105.47867131470592 77 9.6000000000000000e+01 99 103   
145 2620 0.6525669391441593 101.95250521400979 77 9.5000000000000000e+01 99 102   
146 2638 0.5711241079982415 101.09556597594545 77 9.5000000000000000e+01 99 103   
147 2656 0.50082764627666 103.76639294790186 77 9.5000000000000000e+01 99 102   
148 2674 0.4381256297570166 108.02390634466147 77 9.6000000000000000e+01 99 102   
149 2692 0.49389824229089424 104.90585271301434 77 9.5000000000000000e+01 99 102   
150 2710 0.47464509059560567 139.01790636616292 77 9.6000000000000000e+01 98 101   
151 2728 0.39085734679275075 154.07676718011388 77 9.6000000000000000e+01 99 102   
152 2746 0.30842824798652413 152.81381525005764 77 9.7000000000000000e+01 99 102   
153 2764 0.3035040528173133 168.49803253466064 77 9.6000000000000000e+01 99 101   
154 2782 0.3401178804411578 146.43598587459576 77 9.6000000000000000e+01 99 101   
155 2800 0.2869223449788717 140.06172225096972 77 9.5000000000000000e+01 99 101   
156 2818 0.27088302915912604 135.181459613413 77 9.5000000000000000e+01 99 102   
157 2836 0.31626272224501256 123.84149778427772 77 9.6000000000000000e+01 99 102   
158 2854 0.39414111893049103 150.28204219184323 77 9.6000000000000000e+01 100 102   
159 2872 0.4628539686368736 167.00911691017902 77 9.5000000000000000e+01 100 102   
160 2890 0.4303395554890381 164.24239540468423 77 9.5000000000000000e+01 99 102   
161 2908 0.4217864029238889 156.3989874391193 77 9.5000000000000000e+01 99 102   
162 2926 0.3621289073416111 162.61539326728976 77 9.5000000000000000e+01 100 102   
163 2944 0.3651541483586847 171.39297894783044 77 9.5000000000000000e+01 99 102   
164 2962 0.35014611474591006 174.61457313444478 77 9.5000000000000000e+01 99 102   
165 2980 0.34660370246158373 177.73865164864446 77 9.6000000000000000e+01 99 102   
166 2998 0.3779152761838372 179.61280202823156 77 9.7000000000000000e+01 99 102   
167 3016 0.4282018237856826 186.15374051298883 77 9.5000000000000000e+01 99 101   
168 3034 0.45337680409308534 187.87436132448477 77 9.7000000000000000e+01 99 103   
169 3052 0.49689346894103253 195.60562254915607 77 9.6000000000000000e+01 99 101   
170 3070 0.49197989135072595 216.5592204948454 77 9.6000000000000000e+01 99 101   
171 3088 0.44689574544611854 206.73014359396004 77 9.5000000000000000e+01 98 102   
172 3106 0.39304157267449596 212.3268197056358 77 9.6000000000000000e+01 99 102   
173 3124 0.3599943538794953 209.99645163664394 77 9.6000000000000000e+01 99 102   
174 3142 0.33111539925607736 198.6157378018745 77 9.6000000000000000e+01 99 102   
175 3160 0.3231942131136564 186.5204353315735 77 9.6000000000000000e+01 99 102   
176 3178 0.2976586243088364 194.12915130091048 77 9.6000000000000000e+01 100 102   
177 3196 0.29394537964016026 206.22688752086273 77 9.5000000000000000e+01 99 101   
178 3214 0.2650821058662469 194.02355764643352 77 9.6000000000000000e+01 99 103   
179 3232 0.2785607411003253 191.92333239656912 77 9.5000000000000000e+01 99 102   
180 3250 0.2652847667839603 202.5255637727216 77 9.6000000000000000e+01 99 101   
181 3268 0.24871625664681646 197.07620508342328 77 9.6000000000000000e+01 99 102   
182 3286 0.2511965609226798 205.2592248461748 77 9.6000000000000000e+01 99 102   
183 3304 0.2155773785320097 241.79219894408845 77 9.5000000000000000e+01 99 102   
184 3322 0.1983869776085146 244.6542103743275 77 9.5000000000000000e+01 99 102   
185 3340 0.21008739695201473 251.52558802535975 77 9.5000000000000000e+01 99 102   
186 3358 0.18163898822362368 278.90716247419255 77 9.5000000000000000e+01 99 102   
187 3376 0.15540804679800332 262.95066874948617 77 9.6000000000000000e+01 100 102   
188 3394 0.1778366216451066 286.75179739382645 77 9.5000000000000000e+01 99 102   
189 3412 0.17617835122589642 290.39453340095383 77 9.6000000000000000e+01 99 101   
190 3430 0.1643113581777537 285.02641902064033 77 9.6000000000000000e+01 99 102   
